#
#
#  Percent Identity  Matrix - created by Clustal2.1 
#
#

     1: 1E25_PER-1      100.00   88.49   34.31   43.59   22.14   23.22   25.10   25.84   25.47   26.04   26.14   26.22   26.22   20.31   20.23   26.42   23.86   21.07   22.69   20.46   22.43   23.14   22.57   20.85   20.62   19.31   23.85   23.95   27.00   26.15   22.35   25.76   24.15   24.63   24.72   24.72   20.91   26.14   24.42   24.14   25.38   25.00   22.52   22.52   22.14   22.14   22.14   20.30   22.39   26.14   21.29   20.15   23.66   22.22   24.52   24.62   24.23   23.75   24.14   22.69   22.90   22.52   22.90   23.68   21.84   23.64   24.32   21.67   23.57
     2: 3ZNW_PER-2       88.49  100.00   35.14   43.27   23.57   23.60   24.71   25.65   25.28   25.84   26.14   26.02   26.02   20.31   20.23   27.55   23.68   21.46   24.05   21.24   22.43   23.53   22.57   20.08   20.23   18.92   24.23   25.28   26.42   25.38   22.35   25.56   24.72   25.28   25.75   25.75   21.67   27.82   27.52   27.20   26.14   25.76   23.28   23.28   22.90   22.90   22.90   22.18   22.01   28.30   22.26   22.39   25.19   23.75   26.44   26.54   26.15   25.67   25.67   24.62   24.81   24.71   24.81   25.00   21.84   25.58   26.25   23.40   25.48
     3: 5TFQ_HGB-2       34.31   35.14  100.00   44.89   22.39   24.15   23.75   20.22   19.85   20.38   20.61   20.60   20.60   23.62   23.92   17.49   22.73   21.62   18.08   21.79   21.07   20.55   20.78   23.35   19.61   20.62   20.54   19.25   20.38   22.09   26.34   23.48   23.60   22.10   21.80   21.80   21.84   21.43   24.22   23.94   20.61   20.23   20.00   20.00   19.23   19.23   19.62   21.97   24.12   21.29   21.89   25.00   21.54   23.94   24.71   24.81   26.36   25.87   24.32   23.26   23.46   22.99   23.46   18.35   24.32   23.05   23.35   23.19   24.14
     4: 6PQ9_TLA-1       43.59   43.27   44.89  100.00   20.16   28.41   24.33   24.06   23.68   24.06   24.24   24.44   24.44   23.83   24.12   21.67   20.68   22.99   21.76   23.94   21.92   23.14   23.83   24.32   23.74   23.55   22.31   22.64   23.77   21.54   23.48   23.31   21.35   21.80   21.80   21.80   19.01   21.05   21.71   21.46   22.35   21.97   22.90   22.90   22.14   22.14   22.52   20.75   23.94   26.04   21.13   25.10   24.05   25.29   26.82   26.92   26.92   26.44   24.14   22.31   22.90   22.43   22.90   20.30   22.99   22.09   22.01   21.51   21.67
     5: 4EWF_SPH-1       22.14   23.57   22.39   20.16  100.00   19.92   24.02   22.69   22.31   22.87   23.14   22.69   22.69   20.56   20.08   22.66   18.99   17.65   23.83   22.62   19.84   22.49   20.72   19.37   18.73   19.37   26.19   24.03   27.13   21.43   21.96   24.12   24.81   22.69   23.17   23.17   24.31   23.64   22.40   22.13   24.61   24.61   22.83   22.83   22.44   22.44   22.83   22.57   25.90   25.68   21.01   23.08   22.05   21.34   23.32   23.41   20.24   20.16   21.34   22.62   22.44   22.35   22.44   26.15   26.09   30.40   31.08   28.40   28.24
     6: 3P09_FTU-2       23.22   23.60   24.15   28.41   19.92  100.00   27.97   26.24   26.24   25.67   25.38   26.24   26.24   33.73   34.38   26.82   24.90   33.72   25.29   29.46   32.95   31.50   31.25   31.13   30.47   29.57   25.58   27.69   30.00   30.89   34.87   34.48   33.59   33.58   33.71   33.71   31.54   31.54   34.50   34.36   25.29   25.29   25.48   25.10   24.71   24.71   25.10   29.92   31.40   31.03   29.23   31.06   31.27   30.89   31.27   31.66   30.50   30.12   31.66   31.66   31.66   31.66   31.66   32.95   36.15   29.57   29.46   30.00   30.38
     7: 4MXG_BEL-1       25.10   24.71   23.75   24.33   24.02   27.97  100.00   54.20   53.44   53.82   53.82   53.44   53.44   30.20   30.86   34.48   31.68   35.91   33.33   33.98   32.43   32.94   33.20   33.33   32.68   31.78   36.29   40.23   38.70   37.84   38.31   39.08   39.69   39.69   39.69   39.69   36.26   36.26   37.98   38.22   37.40   37.40   37.31   36.92   36.92   36.92   37.31   37.02   31.66   38.93   39.08   35.88   40.77   38.08   43.08   43.08   41.54   41.54   42.31   41.15   41.15   41.15   41.15   38.17   39.85   38.76   38.61   38.31   39.85
     8: 4QU3_GES-2       25.84   25.65   20.22   24.06   22.69   26.24   54.20  100.00   99.26   99.63   99.62   99.26   99.26   27.95   27.84   34.85   30.94   31.92   35.25   35.66   31.30   33.46   32.81   32.17   33.59   32.56   36.68   39.77   37.12   35.27   35.50   37.88   37.74   37.83   37.97   37.97   35.88   33.96   36.19   35.77   33.84   33.84   35.63   35.25   35.25   35.25   35.63   35.23   29.84   39.39   35.61   35.09   36.40   37.31   37.31   37.45   35.91   35.77   37.31   36.68   36.78   36.26   36.78   37.83   40.38   39.69   39.15   38.26   39.31
     9: 3V3S_GES-18      25.47   25.28   19.85   23.68   22.31   26.24   53.44   99.26  100.00   99.63   99.24   99.26   98.88   27.56   27.45   34.85   30.57   31.15   34.87   34.88   30.92   33.07   32.42   31.40   33.20   32.17   35.91   39.02   36.36   34.50   34.73   37.12   36.98   37.08   37.22   37.22   35.11   33.96   35.41   35.00   33.08   33.08   34.87   34.48   34.48   34.48   34.87   34.47   29.84   38.64   35.23   34.34   35.63   36.54   36.54   36.68   35.14   35.00   36.54   35.91   36.02   35.50   36.02   37.83   39.62   38.91   38.37   37.50   38.55
    10: 5F82_GES-5       26.04   25.84   20.38   24.06   22.87   25.67   53.82   99.63   99.63  100.00   99.62   99.63   99.25   27.56   27.45   34.60   30.57   31.54   34.87   35.27   30.77   33.07   32.42   31.78   33.20   32.17   36.29   39.39   36.74   34.88   35.11   37.50   37.36   37.74   37.74   37.74   35.50   33.58   35.80   35.38   33.46   33.46   35.25   34.87   34.87   34.87   35.25   34.85   29.46   39.02   35.23   34.98   36.02   36.92   36.92   37.07   35.52   35.38   36.92   36.29   36.40   35.88   36.40   37.59   40.00   39.30   38.76   37.88   38.93
    11: 2QPN_GES-1       26.14   26.14   20.61   24.24   23.14   25.38   53.82   99.62   99.24   99.62  100.00   99.24   99.62   27.56   27.45   34.73   30.42   31.54   35.14   35.27   30.50   33.07   32.55   31.78   33.20   32.17   36.29   39.69   37.02   34.88   35.11   37.79   37.64   38.02   38.02   38.02   35.50   33.46   35.80   35.38   33.46   33.46   35.25   34.87   34.87   34.87   35.25   34.98   29.46   39.16   35.50   35.11   36.02   36.92   36.92   37.07   35.52   35.38   36.92   36.29   36.40   36.02   36.40   38.02   40.00   39.30   38.76   38.17   38.93
    12: 3TSG_GES-14      26.22   26.02   20.60   24.44   22.69   26.24   53.44   99.26   99.26   99.63   99.24  100.00   99.63   27.56   27.45   34.47   30.94   31.54   34.87   35.27   30.92   33.07   32.42   31.78   33.20   32.17   36.29   39.77   36.74   34.88   35.11   37.50   37.36   37.45   37.59   37.59   35.50   33.58   35.80   35.38   33.84   33.84   35.25   34.87   34.87   34.87   35.25   35.23   29.46   39.02   35.23   34.72   36.02   36.92   36.92   37.07   35.52   35.38   36.92   36.29   36.40   35.88   36.40   37.45   40.00   39.30   38.76   37.88   38.93
    13: 3V3R_GES-11      26.22   26.02   20.60   24.44   22.69   26.24   53.44   99.26   98.88   99.25   99.62   99.63  100.00   27.56   27.45   34.47   30.94   31.54   34.87   35.27   30.92   33.07   32.42   31.78   33.20   32.17   36.29   39.77   36.74   34.88   35.11   37.50   37.36   37.45   37.59   37.59   35.50   33.58   35.80   35.38   33.84   33.84   35.25   34.87   34.87   34.87   35.25   35.23   29.46   39.02   35.23   34.72   36.02   36.92   36.92   37.07   35.52   35.38   36.92   36.29   36.40   35.88   36.40   37.45   40.00   39.30   38.76   37.88   38.93
    14: 1GHP_PC1-1       20.31   20.31   23.62   23.83   20.56   33.73   30.20   27.95   27.56   27.56   27.56   27.56   27.56  100.00   97.67   27.67   35.29   40.78   37.25   35.16   44.31   42.75   43.14   40.39   40.39   39.61   31.62   29.69   28.12   31.52   33.98   34.77   32.03   33.20   33.20   33.20   30.20   31.37   32.94   32.94   28.63   28.63   32.94   32.55   32.16   32.16   32.55   37.50   32.81   30.20   32.16   34.12   34.12   33.73   34.90   34.90   31.76   32.16   31.76   32.16   32.55   32.16   32.55   32.16   32.55   32.94   32.94   34.12   35.29
    15: 6WGR_PC1-159     20.23   20.23   23.92   24.12   20.08   34.38   30.86   27.84   27.45   27.45   27.45   27.45   27.45   97.67  100.00   26.77   34.38   40.23   36.72   35.02   44.14   42.35   42.75   40.23   40.62   38.67   32.28   29.57   27.63   32.17   33.46   35.02   31.91   33.46   33.46   33.46   29.69   31.25   33.20   33.20   28.52   28.52   32.81   32.42   32.03   32.03   32.42   36.96   32.68   30.47   32.03   34.38   34.77   34.38   35.55   35.55   32.42   32.81   32.42   32.03   32.42   32.03   32.42   32.03   33.20   32.94   32.81   33.59   34.77
    16: 5HW3_BVA-1       26.42   27.55   17.49   21.67   22.66   26.82   34.48   34.85   34.85   34.60   34.73   34.47   34.47   27.67   26.77  100.00   33.97   32.82   40.70   33.07   31.92   33.60   31.76   32.68   33.73   33.07   37.60   42.53   43.30   35.80   34.48   37.55   38.55   39.77   40.15   40.15   41.00   40.08   41.02   40.93   40.46   40.08   38.85   38.85   38.08   38.08   38.46   34.60   42.02   45.04   35.63   33.08   37.31   36.29   36.68   36.82   38.76   39.38   38.61   38.37   37.69   38.08   37.69   43.56   36.68   42.97   43.58   42.53   42.15
    17: 1G6A_PSE-4       23.86   23.68   22.73   20.68   18.99   24.90   31.68   30.94   30.57   30.57   30.42   30.94   30.94   35.29   34.38   33.97  100.00   34.48   35.11   33.98   33.08   30.98   29.69   35.14   37.74   37.45   32.31   36.23   33.96   32.43   34.22   35.47   33.08   31.70   31.32   31.32   30.53   32.08   32.95   32.57   44.70   45.08   43.13   43.13   43.13   43.13   43.51   32.95   27.03   38.49   37.36   34.98   37.40   36.78   37.55   37.69   37.31   37.16   39.46   40.00   39.69   39.92   40.08   33.83   33.33   35.66   35.91   33.58   35.36
    18: 6NJ1_CKA-1       21.07   21.46   21.62   22.99   17.65   33.72   35.91   31.92   31.15   31.54   31.54   31.54   31.54   40.78   40.23   32.82   34.48  100.00   47.13   47.88   53.26   51.95   50.58   55.38   56.20   54.62   33.46   35.25   32.57   38.91   41.15   38.08   41.00   39.08   39.46   39.08   36.29   38.85   46.30   45.77   34.87   35.25   38.22   38.22   38.22   38.22   38.61   39.08   40.23   42.53   37.69   37.31   39.77   38.76   42.25   42.41   41.25   41.09   41.47   40.86   40.93   40.54   40.93   37.55   37.98   41.18   41.41   38.08   39.23
    19: 6WIP_MIA-1       22.69   24.05   18.08   21.76   23.83   25.29   33.33   35.25   34.87   34.87   35.14   34.87   34.87   37.25   36.72   40.70   35.11   47.13  100.00   50.00   55.77   54.69   53.91   52.69   56.98   53.85   41.63   42.97   38.40   38.52   41.15   43.13   43.13   46.74   46.36   46.36   44.40   42.75   47.86   47.31   37.31   37.69   38.61   38.61   38.61   38.61   39.00   43.08   47.06   48.28   40.84   40.54   44.40   43.80   43.02   43.19   43.97   43.80   45.74   45.53   45.56   45.38   45.95   48.47   39.92   50.98   51.56   45.42   48.85
    20: 3LEZ_OIH-1       20.46   21.24   21.79   23.94   22.62   29.46   33.98   35.66   34.88   35.27   35.27   35.27   35.27   35.16   35.02   33.07   33.98   47.88   50.00  100.00   54.83   58.59   57.20   58.14   57.36   58.14   39.06   37.45   38.22   42.64   43.41   44.57   44.40   43.24   43.24   42.86   39.92   42.25   43.80   43.80   36.68   37.07   37.74   37.74   37.74   37.74   38.13   42.47   43.19   44.79   43.02   46.72   42.80   43.19   43.97   43.97   42.02   42.02   44.36   43.58   43.97   43.97   44.36   44.02   43.02   47.27   47.47   44.19   45.35
    21: 6MU9_PenP-4      22.43   22.43   21.07   21.92   19.84   32.95   32.43   31.30   30.92   30.77   30.50   30.92   30.92   44.31   44.14   31.92   33.08   53.26   55.77   54.83  100.00   76.95   74.03   60.77   59.30   58.46   36.19   37.31   36.15   38.52   41.70   42.47   41.92   42.21   42.75   42.37   41.70   39.77   49.03   48.65   34.23   34.62   37.21   36.82   36.82   36.82   37.21   38.70   45.31   39.62   42.86   42.21   43.02   44.57   44.96   45.14   42.41   42.25   44.96   45.53   45.74   45.35   45.74   45.42   42.25   46.27   45.70   42.47   43.24
    22: 2WK0_PenP-2      23.14   23.53   20.55   23.14   22.49   31.50   32.94   33.46   33.07   33.07   33.07   33.07   33.07   42.75   42.35   33.60   30.98   51.95   54.69   58.59   76.95  100.00   97.27   58.98   61.33   61.72   41.11   36.33   36.72   37.50   43.14   44.71   45.49   43.14   43.53   43.14   40.78   41.18   47.06   47.06   34.12   34.51   37.40   37.80   37.80   37.80   38.19   40.00   47.83   43.53   43.53   45.49   45.28   43.31   42.91   42.91   43.31   43.31   44.49   43.70   44.09   43.70   44.09   46.67   41.96   47.84   47.84   43.53   44.31
    23: 5GHX_PenP-1      22.57   22.57   20.78   23.83   20.72   31.25   33.20   32.81   32.42   32.42   32.55   32.42   32.42   43.14   42.75   31.76   29.69   50.58   53.91   57.20   74.03   97.27  100.00   58.20   60.16   60.16   39.53   35.16   36.72   37.50   42.75   44.31   44.53   43.19   43.58   43.19   41.18   40.00   45.49   45.49   34.38   34.38   37.01   37.40   37.01   37.01   37.40   39.30   47.64   42.58   42.75   43.19   44.49   42.52   41.73   41.73   42.91   42.91   43.70   42.91   43.31   42.91   43.31   45.53   40.78   47.06   47.06   42.75   43.92
    24: 6W2Z_BAA-83      20.85   20.08   23.35   24.32   19.37   31.13   33.33   32.17   31.40   31.78   31.78   31.78   31.78   40.39   40.23   32.68   35.14   55.38   52.69   58.14   60.77   58.98   58.20  100.00   72.09   70.38   37.74   34.23   36.54   43.19   44.40   44.02   46.33   45.95   46.33   45.95   39.38   40.15   45.91   45.56   37.45   37.84   41.86   41.47   41.47   41.47   41.86   42.86   42.75   43.24   41.70   45.17   44.57   47.29   44.57   44.75   45.14   44.96   45.35   45.14   45.35   44.96   45.35   42.86   41.86   43.53   43.36   40.93   43.24
    25: 3QHY_BcI-2       20.62   20.23   19.61   23.74   18.73   30.47   32.68   33.59   33.20   33.20   33.20   33.20   33.20   40.39   40.62   33.73   37.74   56.20   56.98   57.36   59.30   61.33   60.16   72.09  100.00   91.09   37.65   35.27   36.05   41.63   44.75   44.36   45.53   43.19   43.58   43.19   38.13   38.52   47.08   47.08   37.74   38.13   39.84   39.45   39.45   39.45   39.84   43.19   43.53   43.97   40.08   44.36   43.36   42.19   44.53   44.53   42.58   42.58   43.36   43.36   43.75   43.36   43.75   42.41   40.08   46.67   45.70   43.19   45.53
    26: 6W34_BcI-248     19.31   18.92   20.62   23.55   19.37   29.57   31.78   32.56   32.17   32.17   32.17   32.17   32.17   39.61   38.67   33.07   37.45   54.62   53.85   58.14   58.46   61.72   60.16   70.38   91.09  100.00   36.96   34.23   36.54   41.25   46.33   45.56   44.40   43.24   43.63   43.24   37.45   38.22   45.91   45.56   35.91   36.29   38.76   38.37   38.37   38.37   38.76   43.63   41.57   43.63   39.00   44.40   42.64   42.25   43.41   43.58   42.41   42.25   43.02   43.58   43.80   43.41   43.80   43.24   40.70   47.45   46.88   43.24   43.63
    27: 2CC1_MFO-1       23.85   24.23   20.54   22.31   26.19   25.58   36.29   36.68   35.91   36.29   36.29   36.29   36.29   31.62   32.28   37.60   32.31   33.46   41.63   39.06   36.19   41.11   39.53   37.74   37.65   36.96  100.00   40.77   38.85   35.80   37.31   35.00   41.15   41.15   41.54   41.54   41.15   36.02   41.25   41.31   36.15   36.54   38.22   38.22   38.22   38.22   38.61   39.62   39.06   44.62   43.08   41.92   43.24   42.86   44.40   44.57   45.35   45.56   45.56   43.02   42.86   42.47   42.47   43.08   41.70   46.48   45.91   44.23   46.54
    28: 5NE2_L2-2        23.95   25.28   19.25   22.64   24.03   27.69   40.23   39.77   39.02   39.39   39.69   39.77   39.77   29.69   29.57   42.53   36.23   35.25   42.97   37.45   37.31   36.33   35.16   34.23   35.27   34.23   40.77  100.00   52.99   36.92   36.88   39.25   41.20   42.42   42.05   42.05   41.22   39.03   43.41   42.91   39.16   39.16   40.46   40.46   40.08   40.08   40.46   44.11   43.02   50.00   44.57   42.37   45.80   43.68   46.74   46.92   44.62   44.83   47.13   48.46   48.47   48.29   48.85   47.74   50.19   52.71   52.51   47.55   48.67
    29: 6WGP_XCC-2       27.00   26.42   20.38   23.77   27.13   30.00   38.70   37.12   36.36   36.74   37.02   36.74   36.74   28.12   27.63   43.30   33.96   32.57   38.40   38.22   36.15   36.72   36.72   36.54   36.05   36.54   38.85   52.99  100.00   38.46   36.50   36.98   39.70   38.64   38.26   38.26   40.08   39.33   40.70   40.23   40.30   40.30   39.69   39.31   39.31   39.31   39.69   39.92   38.37   48.11   38.95   40.08   43.13   41.38   42.53   42.69   44.62   44.44   45.21   43.46   43.13   43.35   43.51   40.60   44.83   46.12   45.95   43.77   44.11
    30: 6MK6_VCC-1       26.15   25.38   22.09   21.54   21.43   30.89   37.84   35.27   34.50   34.88   34.88   34.88   34.88   31.52   32.17   35.80   32.43   38.91   38.52   42.64   38.52   37.50   37.50   43.19   41.63   41.25   35.80   36.92   38.46  100.00   62.07   60.54   62.07   55.77   55.77   56.15   37.07   44.02   38.52   38.52   37.84   37.84   36.82   36.43   36.05   36.05   36.43   42.69   40.08   39.38   43.24   42.08   46.12   47.29   42.25   42.25   42.25   42.64   43.80   42.64   43.02   42.64   43.02   44.02   45.95   48.06   48.65   45.56   47.10
    31: 1BUE_NmcA        22.35   22.35   26.34   23.48   21.96   34.87   38.31   35.50   34.73   35.11   35.11   35.11   35.11   33.98   33.46   34.48   34.22   41.15   41.15   43.41   41.70   43.14   42.75   44.40   44.75   46.33   37.31   36.88   36.50   62.07  100.00   73.58   63.40   57.58   57.20   57.58   38.93   43.73   40.31   39.85   34.98   34.98   34.35   34.35   33.97   33.97   34.35   43.94   41.09   43.73   47.53   46.56   46.95   47.89   47.89   48.08   47.69   47.89   50.19   48.85   48.85   48.47   48.85   45.25   47.51   48.84   49.42   47.15   47.91
    32: 1DY6_SME-1       25.76   25.56   23.48   23.31   24.12   34.48   39.08   37.88   37.12   37.50   37.79   37.50   37.50   34.77   35.02   37.55   35.47   38.08   43.13   44.57   42.47   44.71   44.31   44.02   44.36   45.56   35.00   39.25   36.98   60.54   73.58  100.00   62.55   58.49   58.11   58.49   38.55   43.40   41.09   40.61   38.78   38.78   35.11   35.11   34.73   34.73   35.11   43.56   43.80   45.45   46.79   45.42   48.09   49.43   47.13   47.31   45.38   45.21   48.66   48.08   48.09   47.53   48.09   47.92   47.51   48.06   49.42   48.68   49.81
    33: 4EUZ_SFC-1       24.15   24.72   23.60   21.35   24.81   33.59   39.69   37.74   36.98   37.36   37.64   37.36   37.36   32.03   31.91   38.55   33.08   41.00   43.13   44.40   41.92   45.49   44.53   46.33   45.53   44.40   41.15   41.20   39.70   62.07   63.40   62.55  100.00   66.92   67.29   67.67   44.27   47.57   43.41   42.91   38.26   38.26   40.08   40.08   39.69   39.69   40.08   44.15   50.58   44.53   47.94   47.15   52.67   51.72   49.04   49.23   48.08   48.28   50.57   51.15   51.15   50.57   51.15   47.94   50.19   53.10   54.05   50.94   53.23
    34: 6QWB_KPC-4       24.63   25.28   22.10   21.80   22.69   33.58   39.69   37.83   37.08   37.74   38.02   37.45   37.45   33.20   33.46   39.77   31.70   39.08   46.74   43.24   42.21   43.14   43.19   45.95   43.19   43.24   41.15   42.42   38.64   55.77   57.58   58.49   66.92  100.00   98.88   99.25   47.33   49.62   46.51   45.98   41.29   41.29   39.31   39.31   39.31   39.31   39.31   44.36   48.65   49.06   48.86   50.75   55.73   53.64   49.81   49.62   50.00   50.19   52.49   53.46   53.82   53.61   54.20   52.81   51.72   56.20   57.14   51.89   53.61
    35: 6QWA_KPC-3       24.72   25.75   21.80   21.80   23.17   33.71   39.69   37.97   37.22   37.74   38.02   37.59   37.59   33.20   33.46   40.15   31.32   39.46   46.36   43.24   42.75   43.53   43.58   46.33   43.58   43.63   41.54   42.05   38.26   55.77   57.20   58.11   67.29   98.88  100.00   99.63   47.33   49.62   46.51   45.98   41.29   41.29   39.31   39.31   39.31   39.31   39.31   44.36   48.65   48.68   48.86   50.94   55.73   53.64   49.81   49.62   49.62   49.81   52.11   53.46   53.82   53.23   53.82   52.81   51.72   56.20   57.14   51.52   53.23
    36: 6TD0_KPC-2       24.72   25.75   21.80   21.80   23.17   33.71   39.69   37.97   37.22   37.74   38.02   37.59   37.59   33.20   33.46   40.15   31.32   39.08   46.36   42.86   42.37   43.14   43.19   45.95   43.19   43.24   41.54   42.05   38.26   56.15   57.58   58.49   67.67   99.25   99.63  100.00   47.33   49.62   46.51   45.98   41.29   41.29   39.31   39.31   39.31   39.31   39.31   44.36   48.65   48.68   48.86   50.57   55.73   53.64   49.81   49.62   49.62   49.81   52.11   53.46   53.82   53.23   53.82   52.81   51.72   56.20   57.14   51.52   53.23
    37: 1BSG_SAL-1       20.91   21.67   21.84   19.01   24.31   31.54   36.26   35.88   35.11   35.50   35.50   35.50   35.50   30.20   29.69   41.00   30.53   36.29   44.40   39.92   41.70   40.78   41.18   39.38   38.13   37.45   41.15   41.22   40.08   37.07   38.93   38.55   44.27   47.33   47.33   47.33  100.00   40.68   45.35   45.38   37.40   38.17   36.40   36.40   36.78   36.78   36.78   42.37   46.51   47.33   41.22   38.93   43.68   42.91   41.00   40.77   40.77   40.61   41.00   43.46   43.68   43.68   43.68   45.04   44.44   48.45   48.26   45.42   46.56
    38: 5VPQ_BPA-1       26.14   27.82   21.43   21.05   23.64   31.54   36.26   33.96   33.96   33.58   33.46   33.58   33.58   31.37   31.25   40.08   32.08   38.85   42.75   42.25   39.77   41.18   40.00   40.15   38.52   38.22   36.02   39.03   39.33   44.02   43.73   43.40   47.57   49.62   49.62   49.62   40.68  100.00   43.63   43.13   38.02   38.40   36.64   36.64   37.02   37.02   37.02   41.44   43.41   47.35   47.57   46.56   48.09   47.89   46.36   46.54   46.92   46.36   47.51   48.08   48.09   47.15   47.71   50.75   44.44   49.22   49.81   50.19   51.33
    39: 5NJ2_BlaC        24.42   27.52   24.22   21.71   22.40   34.50   37.98   36.19   35.41   35.80   35.80   35.80   35.80   32.94   33.20   41.02   32.95   46.30   47.86   43.80   49.03   47.06   45.49   45.91   47.08   45.91   41.25   43.41   40.70   38.52   40.31   41.09   43.41   46.51   46.51   46.51   45.35   43.63  100.00  100.00   35.27   35.66   36.19   36.19   36.19   36.19   36.58   42.47   43.36   46.51   44.19   42.64   47.47   45.91   45.91   45.91   45.14   45.14   47.47   45.91   46.30   45.53   45.91   48.26   46.12   50.00   49.81   48.45   48.45
    40: 7A6Z_BlaC-13     24.14   27.20   23.94   21.46   22.13   34.36   38.22   35.77   35.00   35.38   35.38   35.38   35.38   32.94   33.20   40.93   32.57   45.77   47.31   43.80   48.65   47.06   45.49   45.56   47.08   45.56   41.31   42.91   40.23   38.52   39.85   40.61   42.91   45.98   45.98   45.98   45.38   43.13  100.00  100.00   34.87   35.25   35.77   35.77   35.77   35.77   36.15   42.75   43.36   45.98   43.68   42.31   46.92   45.56   45.56   45.74   45.35   45.56   47.88   45.74   45.77   45.00   45.38   48.09   45.95   50.00   49.81   48.28   47.89
    41: 1N9B_SHV-3       25.38   26.14   20.61   22.35   24.61   25.29   37.40   33.84   33.08   33.46   33.46   33.84   33.84   28.63   28.52   40.46   44.70   34.87   37.31   36.68   34.23   34.12   34.38   37.45   37.74   35.91   36.15   39.16   40.30   37.84   34.98   38.78   38.26   41.29   41.29   41.29   37.40   38.02   35.27   34.87  100.00   99.25   68.06   68.82   68.06   68.06   68.44   40.91   34.36   48.86   36.12   34.98   38.93   37.93   36.78   36.92   38.08   37.93   38.70   38.08   37.79   37.79   37.79   44.32   37.93   44.57   45.17   42.59   44.49
    42: 2ZD8_SHV-1       25.00   25.76   20.23   21.97   24.61   25.29   37.40   33.84   33.08   33.46   33.46   33.84   33.84   28.63   28.52   40.08   45.08   35.25   37.69   37.07   34.62   34.51   34.38   37.84   38.13   36.29   36.54   39.16   40.30   37.84   34.98   38.78   38.26   41.29   41.29   41.29   38.17   38.40   35.66   35.25   99.25  100.00   67.68   68.44   68.44   68.44   68.82   40.91   34.75   49.24   36.50   35.36   39.31   38.31   37.16   37.31   38.46   38.31   39.08   38.46   38.17   38.17   38.17   44.70   38.31   44.96   45.56   42.97   44.87
    43: 3P98_TEM-72      22.52   23.28   20.00   22.90   22.83   25.48   37.31   35.63   34.87   35.25   35.25   35.25   35.25   32.94   32.81   38.85   43.13   38.22   38.61   37.74   37.21   37.40   37.01   41.86   39.84   38.76   38.22   40.46   39.69   36.82   34.35   35.11   40.08   39.31   39.31   39.31   36.40   36.64   36.19   35.77   68.06   67.68  100.00   98.86   98.48   98.48   98.86   40.84   37.35   49.62   36.26   35.25   37.79   39.08   35.63   35.77   36.54   36.40   37.55   37.69   37.40   37.40   37.40   40.08   37.31   42.02   42.25   40.84   43.13
    44: 1HTZ_TEM-52      22.52   23.28   20.00   22.90   22.83   25.10   36.92   35.25   34.48   34.87   34.87   34.87   34.87   32.55   32.42   38.85   43.13   38.22   38.61   37.74   36.82   37.80   37.40   41.47   39.45   38.37   38.22   40.46   39.31   36.43   34.35   35.11   40.08   39.31   39.31   39.31   36.40   36.64   36.19   35.77   68.82   68.44   98.86  100.00   98.86   98.86   99.24   40.08   36.96   49.62   36.26   35.25   38.17   39.08   35.63   35.77   36.92   36.78   37.93   37.69   37.40   37.40   37.40   40.08   37.31   42.02   42.25   40.84   43.13
    45: 1M40_TEM-1       22.14   22.90   19.23   22.14   22.44   24.71   36.92   35.25   34.48   34.87   34.87   34.87   34.87   32.16   32.03   38.08   43.13   38.22   38.61   37.74   36.82   37.80   37.01   41.47   39.45   38.37   38.22   40.08   39.31   36.05   33.97   34.73   39.69   39.31   39.31   39.31   36.78   37.02   36.19   35.77   68.06   68.44   98.48   98.86  100.00  100.00   99.62   40.08   37.35   50.00   36.26   35.63   38.55   39.08   35.63   35.77   37.31   37.16   37.93   37.69   37.40   37.40   37.40   40.08   37.31   42.02   42.25   40.84   43.13
    46: 7QLP_TEM-171     22.14   22.90   19.23   22.14   22.44   24.71   36.92   35.25   34.48   34.87   34.87   34.87   34.87   32.16   32.03   38.08   43.13   38.22   38.61   37.74   36.82   37.80   37.01   41.47   39.45   38.37   38.22   40.08   39.31   36.05   33.97   34.73   39.69   39.31   39.31   39.31   36.78   37.02   36.19   35.77   68.06   68.44   98.48   98.86  100.00  100.00   99.62   40.08   37.35   50.00   36.26   35.63   38.55   39.08   35.63   35.77   37.31   37.16   37.93   37.69   37.40   37.40   37.40   40.08   37.31   42.02   42.25   40.84   43.13
    47: 5NPO_TEM-135     22.14   22.90   19.62   22.52   22.83   25.10   37.31   35.63   34.87   35.25   35.25   35.25   35.25   32.55   32.42   38.46   43.51   38.61   39.00   38.13   37.21   38.19   37.40   41.86   39.84   38.76   38.61   40.46   39.69   36.43   34.35   35.11   40.08   39.31   39.31   39.31   36.78   37.02   36.58   36.15   68.44   68.82   98.86   99.24   99.62   99.62  100.00   40.46   37.74   50.00   36.64   35.63   38.55   39.46   36.02   36.15   37.31   37.16   38.31   38.08   37.79   37.79   37.79   40.46   37.69   42.41   42.64   41.22   43.51
    48: 5E43_SROS-1      20.30   22.18   21.97   20.75   22.57   29.92   37.02   35.23   34.47   34.85   34.98   35.23   35.23   37.50   36.96   34.60   32.95   39.08   43.08   42.47   38.70   40.00   39.30   42.86   43.19   43.63   39.62   44.11   39.92   42.69   43.94   43.56   44.15   44.36   44.36   44.36   42.37   41.44   42.47   42.75   40.91   40.91   40.84   40.08   40.08   40.08   40.46  100.00   42.08   48.11   39.16   41.29   41.60   42.53   42.91   43.08   42.31   42.91   44.44   44.62   44.66   44.27   44.66   49.25   44.06   50.00   50.58   47.53   49.43
    49: 4YFM_MAB-1       22.39   22.01   24.12   23.94   25.90   31.40   31.66   29.84   29.84   29.46   29.46   29.46   29.46   32.81   32.68   42.02   27.03   40.23   47.06   43.19   45.31   47.83   47.64   42.75   43.53   41.57   39.06   43.02   38.37   40.08   41.09   43.80   50.58   48.65   48.65   48.65   46.51   43.41   43.36   43.36   34.36   34.75   37.35   36.96   37.35   37.35   37.74   42.08  100.00   44.02   43.41   40.93   45.14   44.75   44.75   44.75   43.19   43.19   43.58   44.36   44.75   44.36   44.75   45.56   44.57   48.44   48.64   49.22   49.61
    50: 6NIQ_RPA-1       26.14   28.30   21.29   26.04   25.68   31.03   38.93   39.39   38.64   39.02   39.16   39.02   39.02   30.20   30.47   45.04   38.49   42.53   48.28   44.79   39.62   43.53   42.58   43.24   43.97   43.63   44.62   50.00   48.11   39.38   43.73   45.45   44.53   49.06   48.68   48.68   47.33   47.35   46.51   45.98   48.86   49.24   49.62   49.62   50.00   50.00   50.00   48.11   44.02  100.00   46.97   49.05   50.00   50.96   52.49   52.69   53.85   53.26   53.26   53.08   53.05   52.85   53.44   50.57   46.74   55.81   54.83   51.52   53.61
    51: 6BN3_CTX-M-151   21.29   22.26   21.89   21.13   21.01   29.23   39.08   35.61   35.23   35.23   35.50   35.23   35.23   32.16   32.03   35.63   37.36   37.69   40.84   43.02   42.86   43.53   42.75   41.70   40.08   39.00   43.08   44.57   38.95   43.24   47.53   46.79   47.94   48.86   48.86   48.86   41.22   47.57   44.19   43.68   36.12   36.50   36.26   36.26   36.26   36.26   36.64   39.16   43.41   46.97  100.00   58.02   62.98   61.30   63.60   64.23   61.15   61.30   64.37   67.31   67.18   66.16   66.79   48.12   55.56   55.04   54.44   52.83   55.13
    52: 1HZO_K1          20.15   22.39   25.00   25.10   23.08   31.06   35.88   35.09   34.34   34.98   35.11   34.72   34.72   34.12   34.38   33.08   34.98   37.31   40.54   46.72   42.21   45.49   43.19   45.17   44.36   44.40   41.92   42.37   40.08   42.08   46.56   45.42   47.15   50.75   50.94   50.57   38.93   46.56   42.64   42.31   34.98   35.36   35.25   35.25   35.63   35.63   35.63   41.29   40.93   49.05   58.02  100.00   68.58   69.35   69.35   69.23   67.31   66.67   65.90   64.62   64.75   63.98   64.37   47.55   58.24   53.49   53.67   53.05   52.67
    53: 3BFF_SED-1       23.66   25.19   21.54   24.05   22.05   31.27   40.77   36.40   35.63   36.02   36.02   36.02   36.02   34.12   34.77   37.31   37.40   39.77   44.40   42.80   43.02   45.28   44.49   44.57   43.36   42.64   43.24   45.80   43.13   46.12   46.95   48.09   52.67   55.73   55.73   55.73   43.68   48.09   47.47   46.92   38.93   39.31   37.79   38.17   38.55   38.55   38.55   41.60   45.14   50.00   62.98   68.58  100.00   77.39   77.39   77.69   75.38   75.48   77.78   76.54   76.34   75.57   75.95   51.91   56.92   60.31   60.08   54.58   56.49
    54: 3BYD_OXY-1-1     22.22   23.75   23.94   25.29   21.34   30.89   38.08   37.31   36.54   36.92   36.92   36.92   36.92   33.73   34.38   36.29   36.78   38.76   43.80   43.19   44.57   43.31   42.52   47.29   42.19   42.25   42.86   43.68   41.38   47.29   47.89   49.43   51.72   53.64   53.64   53.64   42.91   47.89   45.91   45.56   37.93   38.31   39.08   39.08   39.08   39.08   39.46   42.53   44.75   50.96   61.30   69.35   77.39  100.00   77.78   78.46   74.62   74.71   75.86   76.15   76.25   75.48   75.86   52.49   57.69   56.42   56.98   53.26   54.79
    55: 2ZQ7_CTX-M-44    24.52   26.44   24.71   26.82   23.32   31.27   43.08   37.31   36.54   36.92   36.92   36.92   36.92   34.90   35.55   36.68   37.55   42.25   43.02   43.97   44.96   42.91   41.73   44.57   44.53   43.41   44.40   46.74   42.53   42.25   47.89   47.13   49.04   49.81   49.81   49.81   41.00   46.36   45.91   45.56   36.78   37.16   35.63   35.63   35.63   35.63   36.02   42.91   44.75   52.49   63.60   69.35   77.39   77.78  100.00   99.62   85.38   84.67   85.06   83.85   83.91   83.14   83.52   52.49   59.23   57.20   56.20   54.41   56.70
    56: 5A92_CTX-M-97    24.62   26.54   24.81   26.92   23.41   31.66   43.08   37.45   36.68   37.07   37.07   37.07   37.07   34.90   35.55   36.82   37.69   42.41   43.19   43.97   45.14   42.91   41.73   44.75   44.53   43.58   44.57   46.92   42.69   42.25   48.08   47.31   49.23   49.62   49.62   49.62   40.77   46.54   45.91   45.74   36.92   37.31   35.77   35.77   35.77   35.77   36.15   43.08   44.75   52.69   64.23   69.23   77.69   78.46   99.62  100.00   85.77   85.38   85.77   84.23   84.62   83.85   84.23   52.69   59.23   57.20   56.20   54.62   56.92
    57: 3ZNY_CTX-M-96    24.23   26.15   26.36   26.92   20.24   30.50   41.54   35.91   35.14   35.52   35.52   35.52   35.52   31.76   32.42   38.76   37.31   41.25   43.97   42.02   42.41   43.31   42.91   45.14   42.58   42.41   45.35   44.62   44.62   42.25   47.69   45.38   48.08   50.00   49.62   49.62   40.77   46.92   45.14   45.35   38.08   38.46   36.54   36.92   37.31   37.31   37.31   42.31   43.19   53.85   61.15   67.31   75.38   74.62   85.38   85.77  100.00   99.23   90.38   82.31   82.69   82.69   83.08   51.15   55.00   55.64   55.43   54.62   55.77
    58: 7BDR_CTX-M-15    23.75   25.67   25.87   26.44   20.16   30.12   41.54   35.77   35.00   35.38   35.38   35.38   35.38   32.16   32.81   39.38   37.16   41.09   43.80   42.02   42.25   43.31   42.91   44.96   42.58   42.25   45.56   44.83   44.44   42.64   47.89   45.21   48.28   50.19   49.81   49.81   40.61   46.36   45.14   45.56   37.93   38.31   36.40   36.78   37.16   37.16   37.16   42.91   43.19   53.26   61.30   66.67   75.48   74.71   84.67   85.38   99.23  100.00   90.80   82.69   82.76   82.76   83.14   51.72   55.77   56.03   55.81   55.17   55.94
    59: 6J25_CTX-M-64    24.14   25.67   24.32   24.14   21.34   31.66   42.31   37.31   36.54   36.92   36.92   36.92   36.92   31.76   32.42   38.61   39.46   41.47   45.74   44.36   44.96   44.49   43.70   45.35   43.36   43.02   45.56   47.13   45.21   43.80   50.19   48.66   50.57   52.49   52.11   52.11   41.00   47.51   47.47   47.88   38.70   39.08   37.55   37.93   37.93   37.93   38.31   44.44   43.58   53.26   64.37   65.90   77.78   75.86   85.06   85.77   90.38   90.80  100.00   91.92   91.95   91.95   92.34   54.02   57.69   57.59   57.36   55.17   57.47
    60: 2P74_CTX-M-9     22.69   24.62   23.26   22.31   22.62   31.66   41.15   36.68   35.91   36.29   36.29   36.29   36.29   32.16   32.03   38.37   40.00   40.86   45.53   43.58   45.53   43.70   42.91   45.14   43.36   43.58   43.02   48.46   43.46   42.64   48.85   48.08   51.15   53.46   53.46   53.46   43.46   48.08   45.91   45.74   38.08   38.46   37.69   37.69   37.69   37.69   38.08   44.62   44.36   53.08   67.31   64.62   76.54   76.15   83.85   84.23   82.31   82.69   91.92  100.00   99.62   99.62   99.23   53.85   59.62   58.75   57.75   56.15   58.08
    61: 4UA6_CTX-M-14    22.90   24.81   23.46   22.90   22.44   31.66   41.15   36.78   36.02   36.40   36.40   36.40   36.40   32.55   32.42   37.69   39.69   40.93   45.56   43.97   45.74   44.09   43.31   45.35   43.75   43.80   42.86   48.47   43.13   43.02   48.85   48.09   51.15   53.82   53.82   53.82   43.68   48.09   46.30   45.77   37.79   38.17   37.40   37.40   37.40   37.40   37.79   44.66   44.75   53.05   67.18   64.75   76.34   76.25   83.91   84.62   82.69   82.76   91.95   99.62  100.00   99.24   99.62   53.82   60.00   59.14   58.14   56.11   58.02
    62: 1YLW_CTX-M-16    22.52   24.71   22.99   22.43   22.35   31.66   41.15   36.26   35.50   35.88   36.02   35.88   35.88   32.16   32.03   38.08   39.92   40.54   45.38   43.97   45.35   43.70   42.91   44.96   43.36   43.41   42.47   48.29   43.35   42.64   48.47   47.53   50.57   53.61   53.23   53.23   43.68   47.15   45.53   45.00   37.79   38.17   37.40   37.40   37.40   37.40   37.79   44.27   44.36   52.85   66.16   63.98   75.57   75.48   83.14   83.85   82.69   82.76   91.95   99.62   99.24  100.00   99.62   53.23   59.23   58.37   57.36   55.13   57.25
    63: 6BU3_CTX-M-27    22.90   24.81   23.46   22.90   22.44   31.66   41.15   36.78   36.02   36.40   36.40   36.40   36.40   32.55   32.42   37.69   40.08   40.93   45.95   44.36   45.74   44.09   43.31   45.35   43.75   43.80   42.47   48.85   43.51   43.02   48.85   48.09   51.15   54.20   53.82   53.82   43.68   47.71   45.91   45.38   37.79   38.17   37.40   37.40   37.40   37.40   37.79   44.66   44.75   53.44   66.79   64.37   75.95   75.86   83.52   84.23   83.08   83.14   92.34   99.23   99.62   99.62  100.00   53.82   59.62   58.75   57.75   55.73   57.63
    64: 6WJM_DBA-1       23.68   25.00   18.35   20.30   26.15   32.95   38.17   37.83   37.83   37.59   38.02   37.45   37.45   32.16   32.03   43.56   33.83   37.55   48.47   44.02   45.42   46.67   45.53   42.86   42.41   43.24   43.08   47.74   40.60   44.02   45.25   47.92   47.94   52.81   52.81   52.81   45.04   50.75   48.26   48.09   44.32   44.70   40.08   40.08   40.08   40.08   40.46   49.25   45.56   50.57   48.12   47.55   51.91   52.49   52.49   52.69   51.15   51.72   54.02   53.85   53.82   53.23   53.82  100.00   53.26   57.75   58.69   56.23   57.41
    65: 5E2E_BlaA        21.84   21.84   24.32   22.99   26.09   36.15   39.85   40.38   39.62   40.00   40.00   40.00   40.00   32.55   33.20   36.68   33.33   37.98   39.92   43.02   42.25   41.96   40.78   41.86   40.08   40.70   41.70   50.19   44.83   45.95   47.51   47.51   50.19   51.72   51.72   51.72   44.44   44.44   46.12   45.95   37.93   38.31   37.31   37.31   37.31   37.31   37.69   44.06   44.57   46.74   55.56   58.24   56.92   57.69   59.23   59.23   55.00   55.77   57.69   59.62   60.00   59.23   59.62   53.26  100.00   62.02   61.39   58.24   57.85
    66: 3W4Q_PenA-1      23.64   25.58   23.05   22.09   30.40   29.57   38.76   39.69   38.91   39.30   39.30   39.30   39.30   32.94   32.94   42.97   35.66   41.18   50.98   47.27   46.27   47.84   47.06   43.53   46.67   47.45   46.48   52.71   46.12   48.06   48.84   48.06   53.10   56.20   56.20   56.20   48.45   49.22   50.00   50.00   44.57   44.96   42.02   42.02   42.02   42.02   42.41   50.00   48.44   55.81   55.04   53.49   60.31   56.42   57.20   57.20   55.64   56.03   57.59   58.75   59.14   58.37   58.75   57.75   62.02  100.00   96.12   66.67   68.22
    67: 7DDM_PenA-39     24.32   26.25   23.35   22.01   31.08   29.46   38.61   39.15   38.37   38.76   38.76   38.76   38.76   32.94   32.81   43.58   35.91   41.41   51.56   47.47   45.70   47.84   47.06   43.36   45.70   46.88   45.91   52.51   45.95   48.65   49.42   49.42   54.05   57.14   57.14   57.14   48.26   49.81   49.81   49.81   45.17   45.56   42.25   42.25   42.25   42.25   42.64   50.58   48.64   54.83   54.44   53.67   60.08   56.98   56.20   56.20   55.43   55.81   57.36   57.75   58.14   57.36   57.75   58.69   61.39   96.12  100.00   67.57   69.11
    68: 3W4P_BPS-1d      21.67   23.40   23.19   21.51   28.40   30.00   38.31   38.26   37.50   37.88   38.17   37.88   37.88   34.12   33.59   42.53   33.58   38.08   45.42   44.19   42.47   43.53   42.75   40.93   43.19   43.24   44.23   47.55   43.77   45.56   47.15   48.68   50.94   51.89   51.52   51.52   45.42   50.19   48.45   48.28   42.59   42.97   40.84   40.84   40.84   40.84   41.22   47.53   49.22   51.52   52.83   53.05   54.58   53.26   54.41   54.62   54.62   55.17   55.17   56.15   56.11   55.13   55.73   56.23   58.24   66.67   67.57  100.00   89.73
    69: 6AFM_BPS-3       23.57   25.48   24.14   21.67   28.24   30.38   39.85   39.31   38.55   38.93   38.93   38.93   38.93   35.29   34.77   42.15   35.36   39.23   48.85   45.35   43.24   44.31   43.92   43.24   45.53   43.63   46.54   48.67   44.11   47.10   47.91   49.81   53.23   53.61   53.23   53.23   46.56   51.33   48.45   47.89   44.49   44.87   43.13   43.13   43.13   43.13   43.51   49.43   49.61   53.61   55.13   52.67   56.49   54.79   56.70   56.92   55.77   55.94   57.47   58.08   58.02   57.25   57.63   57.41   57.85   68.22   69.11   89.73  100.00