#
#
#  Percent Identity  Matrix - created by Clustal2.1 
#
#

     1: 1E25_PER-1      100.00   88.49   34.31   43.59   22.52   23.22   25.10   26.14   26.04   25.47   26.22   26.22   25.84   20.70   20.62   26.42   22.87   26.15   22.43   25.86   24.24   24.72   24.81   24.81   23.86   21.76   23.37   20.08   22.73   23.44   22.87   21.15   20.93   19.62   23.85   24.33   27.00   20.91   26.14   24.42   24.14   25.38   25.00   22.52   22.52   22.14   22.14   22.14   20.30   26.14   21.29   20.15   23.66   22.22   24.52   24.62   24.23   23.75   24.14   22.69   22.90   22.52   22.90   23.68   22.22   23.64   24.32   21.67   23.57
     2: 3ZNW_PER-2       88.49  100.00   35.14   43.27   23.95   23.60   24.71   26.14   25.84   25.28   26.02   26.02   25.65   20.70   20.62   27.55   22.48   25.38   22.43   25.66   24.81   25.37   25.84   25.84   23.68   22.14   24.71   20.85   22.73   23.83   22.87   20.38   20.54   19.23   24.23   25.66   26.42   21.67   27.82   27.52   27.20   26.14   25.76   23.28   23.28   22.90   22.90   22.90   22.18   28.30   22.26   22.39   25.19   23.75   26.44   26.54   26.15   25.67   25.67   24.62   24.81   24.71   24.81   25.00   22.22   25.58   26.25   23.40   25.48
     3: 5TFQ_HGB-2       34.31   35.14  100.00   44.89   22.39   24.15   23.75   20.61   20.38   19.85   20.60   20.60   20.22   23.62   23.92   17.49   23.83   22.09   26.05   23.19   23.68   22.18   21.89   21.89   22.73   22.31   18.39   21.40   21.37   20.47   20.70   24.03   20.31   21.32   20.54   19.25   20.75   21.84   21.43   24.22   23.94   20.61   20.23   20.00   20.00   19.23   19.23   19.62   21.97   21.29   21.89   25.00   21.54   23.94   24.71   24.81   26.36   25.87   24.32   23.26   23.46   22.99   23.46   18.35   24.32   23.05   23.35   23.19   24.14
     4: 6PQ9_TLA-1       43.59   43.27   44.89  100.00   20.54   28.41   24.33   24.24   24.06   23.68   24.44   24.44   24.06   23.83   24.12   21.67   24.03   21.54   23.19   23.02   21.43   21.89   21.89   21.89   20.68   24.05   22.05   23.55   22.22   23.05   23.74   25.00   24.42   24.23   22.69   23.02   24.53   19.01   21.05   21.71   21.46   22.35   21.97   22.90   22.90   22.14   22.14   22.52   20.75   26.04   21.13   25.10   24.05   25.29   26.82   26.92   26.92   26.44   24.14   22.31   22.90   22.43   22.90   20.30   23.37   22.09   22.01   21.51   21.67
     5: 4EWF_SPH-1       22.52   23.95   22.39   20.54  100.00   19.92   24.80   23.14   22.87   22.31   22.69   22.69   22.69   21.46   20.97   23.05   26.00   21.51   21.65   24.22   24.90   22.78   23.26   23.26   18.99   17.72   23.92   22.71   20.31   22.58   20.80   19.84   18.80   19.44   26.48   24.51   27.24   24.71   23.94   22.71   22.44   24.61   24.61   22.83   22.83   22.44   22.44   22.83   22.96   25.68   21.01   23.08   22.05   21.34   23.32   23.41   20.24   20.16   21.34   22.62   22.44   22.35   22.44   26.15   26.09   30.80   31.47   28.79   28.63
     6: 3P09_FTU-2       23.22   23.60   24.15   28.41   19.92  100.00   27.97   25.38   25.67   26.24   26.24   26.24   26.24   34.12   34.77   26.82   31.52   30.89   34.23   33.85   33.72   33.71   33.84   33.84   24.90   33.98   25.19   29.46   33.21   30.98   30.74   31.40   30.74   29.84   25.58   26.44   29.12   31.54   31.54   34.50   34.36   25.29   25.29   25.48   25.10   24.71   24.71   25.10   29.92   31.03   29.23   31.06   31.27   30.89   31.27   31.66   30.50   30.12   31.66   31.66   31.66   31.66   31.66   32.95   35.77   29.57   29.46   30.00   30.38
     7: 4MXG_BEL-1       25.10   24.71   23.75   24.33   24.80   27.97  100.00   53.82   53.82   53.44   53.44   53.44   54.20   30.20   30.86   34.48   31.91   37.84   38.46   39.23   39.85   39.46   39.46   39.46   31.68   35.77   33.20   33.98   32.31   32.81   33.07   33.20   32.56   31.66   35.91   39.85   38.70   35.88   36.26   37.98   38.22   37.40   37.40   37.31   36.92   36.92   36.92   37.31   37.02   38.93   39.08   35.88   40.77   38.08   43.08   43.08   41.54   41.54   42.31   41.15   41.15   41.15   41.15   38.17   39.85   38.76   38.61   38.31   39.85
     8: 2QPN_GES-1       26.14   26.14   20.61   24.24   23.14   25.38   53.82  100.00   99.62   99.24   99.24   99.62   99.62   27.17   27.06   34.73   29.57   34.88   35.11   37.79   37.64   38.02   38.02   38.02   30.42   31.42   35.00   35.27   30.38   32.94   32.42   31.66   33.07   32.05   35.91   40.08   37.02   35.11   33.46   35.80   35.38   33.46   33.46   35.25   34.87   34.87   34.87   35.25   34.98   39.16   35.50   35.11   36.02   36.92   36.92   37.07   35.52   35.38   36.92   36.29   36.40   36.02   36.40   38.02   40.00   39.30   38.76   38.17   38.93
     9: 5F82_GES-5       26.04   25.84   20.38   24.06   22.87   25.67   53.82   99.62  100.00   99.63   99.63   99.25   99.63   27.17   27.06   34.60   29.57   34.88   35.11   37.50   37.36   37.74   37.74   37.74   30.57   31.42   34.73   35.27   30.65   32.94   32.30   31.66   33.07   32.05   35.91   39.77   36.74   35.11   33.58   35.80   35.38   33.46   33.46   35.25   34.87   34.87   34.87   35.25   34.85   39.02   35.23   34.98   36.02   36.92   36.92   37.07   35.52   35.38   36.92   36.29   36.40   35.88   36.40   37.59   40.00   39.30   38.76   37.88   38.93
    10: 3V3S_GES-18      25.47   25.28   19.85   23.68   22.31   26.24   53.44   99.24   99.63  100.00   99.26   98.88   99.26   27.17   27.06   34.85   29.96   34.50   34.73   37.12   36.98   37.08   37.22   37.22   30.57   31.03   34.73   34.88   30.80   32.94   32.30   31.27   33.07   32.05   35.52   39.39   36.36   34.73   33.96   35.41   35.00   33.08   33.08   34.87   34.48   34.48   34.48   34.87   34.47   38.64   35.23   34.34   35.63   36.54   36.54   36.68   35.14   35.00   36.54   35.91   36.02   35.50   36.02   37.83   39.62   38.91   38.37   37.50   38.55
    11: 3TSG_GES-14      26.22   26.02   20.60   24.44   22.69   26.24   53.44   99.24   99.63   99.26  100.00   99.63   99.26   27.17   27.06   34.47   29.57   34.88   35.11   37.50   37.36   37.45   37.59   37.59   30.94   31.42   34.73   35.27   30.80   32.94   32.30   31.66   33.07   32.05   35.91   40.15   36.74   35.11   33.58   35.80   35.38   33.84   33.84   35.25   34.87   34.87   34.87   35.25   35.23   39.02   35.23   34.72   36.02   36.92   36.92   37.07   35.52   35.38   36.92   36.29   36.40   35.88   36.40   37.45   40.00   39.30   38.76   37.88   38.93
    12: 3V3R_GES-11      26.22   26.02   20.60   24.44   22.69   26.24   53.44   99.62   99.25   98.88   99.63  100.00   99.26   27.17   27.06   34.47   29.57   34.88   35.11   37.50   37.36   37.45   37.59   37.59   30.94   31.42   34.73   35.27   30.80   32.94   32.30   31.66   33.07   32.05   35.91   40.15   36.74   35.11   33.58   35.80   35.38   33.84   33.84   35.25   34.87   34.87   34.87   35.25   35.23   39.02   35.23   34.72   36.02   36.92   36.92   37.07   35.52   35.38   36.92   36.29   36.40   35.88   36.40   37.45   40.00   39.30   38.76   37.88   38.93
    13: 4QU3_GES-2       25.84   25.65   20.22   24.06   22.69   26.24   54.20   99.62   99.63   99.26   99.26   99.26  100.00   27.56   27.45   34.85   29.96   35.27   35.50   37.88   37.74   37.83   37.97   37.97   30.94   31.80   35.11   35.66   31.18   33.33   32.68   32.05   33.46   32.43   36.29   40.15   37.12   35.50   33.96   36.19   35.77   33.84   33.84   35.63   35.25   35.25   35.25   35.63   35.23   39.39   35.61   35.09   36.40   37.31   37.31   37.45   35.91   35.77   37.31   36.68   36.78   36.26   36.78   37.83   40.38   39.69   39.15   38.26   39.31
    14: 1GHP_PC1-1       20.70   20.70   23.62   23.83   21.46   34.12   30.20   27.17   27.17   27.17   27.17   27.17   27.56  100.00   97.67   28.46   32.81   31.52   33.98   35.16   32.03   33.20   33.20   33.20   35.29   40.78   37.25   35.16   44.31   42.75   43.14   40.39   40.39   39.61   31.62   28.63   28.24   30.59   31.37   32.94   32.94   29.02   29.02   33.73   33.33   32.94   32.94   33.33   37.11   30.20   32.55   34.51   34.12   33.73   34.90   34.90   32.16   32.55   32.16   32.55   32.94   32.55   32.94   32.16   32.55   32.94   32.94   34.12   35.29
    15: 6WGR_PC1-159     20.62   20.62   23.92   24.12   20.97   34.77   30.86   27.06   27.06   27.06   27.06   27.06   27.45   97.67  100.00   27.56   32.68   32.17   33.46   35.41   31.91   33.46   33.46   33.46   34.38   40.23   36.72   35.02   44.14   42.35   42.75   40.23   40.62   38.67   32.28   28.52   27.73   30.08   31.25   33.20   33.20   28.91   28.91   33.59   33.20   32.81   32.81   33.20   36.58   30.47   32.42   34.77   34.77   34.38   35.55   35.55   32.81   33.20   32.81   32.42   32.81   32.42   32.81   32.03   33.20   32.94   32.81   33.59   34.77
    16: 5HW3_BVA-1       26.42   27.55   17.49   21.67   23.05   26.82   34.48   34.73   34.60   34.85   34.47   34.47   34.85   28.46   27.56  100.00   41.57   35.80   34.62   37.69   38.31   39.54   39.92   39.92   33.97   33.08   40.93   33.46   32.18   33.86   32.03   32.95   33.98   33.33   37.21   41.76   43.68   41.00   40.08   41.02   40.93   40.46   40.08   38.85   38.85   38.08   38.08   38.46   34.60   45.04   35.63   33.08   37.31   36.29   36.68   36.82   38.76   39.38   38.61   38.37   37.69   38.08   37.69   43.56   36.68   42.97   43.58   42.53   42.15
    17: 4YFM_MAB-1       22.87   22.48   23.83   24.03   26.00   31.52   31.91   29.57   29.57   29.96   29.57   29.57   29.96   32.81   32.68   41.57  100.00   40.47   41.47   44.19   50.97   49.03   49.03   49.03   26.85   40.00   46.85   42.97   45.10   47.62   47.83   42.52   43.31   41.34   38.58   41.80   38.67   45.70   42.97   42.91   42.91   34.63   34.63   37.25   36.86   36.86   36.86   37.25   41.86   43.97   42.97   40.86   45.10   44.71   44.71   44.71   43.14   43.14   43.53   43.92   44.31   43.92   44.31   45.53   44.53   48.03   48.24   48.83   49.22
    18: 6MK6_VCC-1       26.15   25.38   22.09   21.54   21.51   30.89   37.84   34.88   34.88   34.50   34.88   34.88   35.27   31.52   32.17   35.80   40.47  100.00   62.07   60.54   62.07   55.77   55.77   56.15   32.43   38.91   38.52   42.64   38.52   37.50   37.50   43.19   41.63   41.25   35.80   35.91   37.45   37.07   44.02   38.52   38.52   37.45   37.45   36.82   36.43   36.05   36.05   36.43   43.08   39.38   43.24   42.08   46.12   47.29   42.25   42.25   42.25   42.64   43.80   42.64   43.02   42.64   43.02   44.02   45.95   48.06   48.65   45.56   47.10
    19: 1BUE_NmcA        22.43   22.43   26.05   23.19   21.65   34.23   38.46   35.11   35.11   34.73   35.11   35.11   35.50   33.98   33.46   34.62   41.47   62.07  100.00   73.58   63.40   57.58   57.20   57.58   34.35   40.77   41.15   43.41   41.70   43.14   42.75   44.40   44.75   46.33   37.45   36.26   36.26   39.08   43.89   40.47   40.00   34.73   34.73   34.48   34.48   34.10   34.10   34.48   44.49   43.89   47.71   45.98   47.13   47.69   47.69   47.88   47.49   47.69   50.00   49.03   49.04   48.66   49.04   45.42   48.08   49.03   49.61   46.95   48.09
    20: 1DY6_SME-1       25.86   25.66   23.19   23.02   24.22   33.85   39.23   37.79   37.50   37.12   37.50   37.50   37.88   35.16   35.41   37.69   44.19   60.54   73.58  100.00   62.55   58.49   58.11   58.49   35.61   38.08   43.13   44.57   42.47   44.71   44.31   44.02   44.36   45.56   35.14   39.02   36.74   38.70   43.56   41.25   40.77   38.55   38.55   35.25   35.25   34.87   34.87   35.25   44.11   45.63   46.97   44.83   48.28   49.23   46.92   47.10   45.17   45.00   48.46   48.26   48.28   47.71   48.28   48.11   48.08   48.25   49.61   48.48   50.00
    21: 4EUZ_SFC-1       24.24   24.81   23.68   21.43   24.90   33.72   39.85   37.64   37.36   36.98   37.36   37.36   37.74   32.03   31.91   38.31   50.97   62.07   63.40   62.55  100.00   66.92   67.29   67.67   33.21   41.00   43.13   44.40   41.92   45.49   44.53   46.33   45.53   44.40   41.70   39.47   39.47   44.06   47.74   43.58   43.08   38.40   38.40   39.85   39.85   39.46   39.46   39.85   44.32   44.70   47.74   47.33   52.87   51.92   49.23   49.42   48.26   48.46   50.77   50.97   50.96   50.38   50.96   48.12   50.38   53.31   54.26   51.14   53.44
    22: 6QWB_KPC-4       24.72   25.37   22.18   21.89   22.78   33.71   39.46   38.02   37.74   37.08   37.45   37.45   37.83   33.20   33.46   39.54   49.03   55.77   57.58   58.49   66.92  100.00   98.88   99.25   31.82   39.08   46.74   43.24   42.21   43.14   43.19   45.95   43.19   43.24   40.93   40.68   38.78   47.13   49.81   47.08   46.54   41.44   41.44   39.08   39.08   39.08   39.08   39.08   44.53   49.24   48.29   50.94   55.94   53.85   50.00   49.81   50.19   50.38   52.69   53.28   53.64   53.44   54.02   53.01   51.54   56.42   57.36   52.09   53.82
    23: 6QWA_KPC-3       24.81   25.84   21.89   21.89   23.26   33.84   39.46   38.02   37.74   37.22   37.59   37.59   37.97   33.20   33.46   39.92   49.03   55.77   57.20   58.11   67.29   98.88  100.00   99.63   31.44   39.46   46.36   43.24   42.75   43.53   43.58   46.33   43.58   43.63   41.31   40.30   38.40   47.13   49.81   47.08   46.54   41.44   41.44   39.08   39.08   39.08   39.08   39.08   44.53   48.86   48.29   51.14   55.94   53.85   50.00   49.81   49.81   50.00   52.31   53.28   53.64   53.05   53.64   53.01   51.54   56.42   57.36   51.71   53.44
    24: 6TD0_KPC-2       24.81   25.84   21.89   21.89   23.26   33.84   39.46   38.02   37.74   37.22   37.59   37.59   37.97   33.20   33.46   39.92   49.03   56.15   57.58   58.49   67.67   99.25   99.63  100.00   31.44   39.08   46.36   42.86   42.37   43.14   43.19   45.95   43.19   43.24   41.31   40.30   38.40   47.13   49.81   47.08   46.54   41.44   41.44   39.08   39.08   39.08   39.08   39.08   44.53   48.86   48.29   50.76   55.94   53.85   50.00   49.81   49.81   50.00   52.31   53.28   53.64   53.05   53.64   53.01   51.54   56.42   57.36   51.71   53.44
    25: 1G6A_PSE-4       23.86   23.68   22.73   20.68   18.99   24.90   31.68   30.42   30.57   30.57   30.94   30.94   30.94   35.29   34.38   33.97   26.85   32.43   34.35   35.61   33.21   31.82   31.44   31.44  100.00   34.35   34.98   34.36   32.95   30.86   29.57   35.00   37.60   37.31   32.69   35.85   33.58   30.53   32.08   32.95   32.57   44.70   45.08   43.13   43.13   43.13   43.13   43.51   33.33   38.49   37.36   34.98   37.40   36.78   37.55   37.69   37.31   37.16   39.46   40.00   39.69   39.92   40.08   33.83   33.33   35.66   35.91   33.58   35.36
    26: 6NJ1_CKA-1       21.76   22.14   22.31   24.05   17.72   33.98   35.77   31.42   31.42   31.03   31.42   31.42   31.80   40.78   40.23   33.08   40.00   38.91   40.77   38.08   41.00   39.08   39.46   39.08   34.35  100.00   47.13   47.88   53.26   51.95   50.58   55.38   56.20   54.62   33.72   34.87   32.18   36.54   39.08   46.51   45.98   34.73   35.11   38.08   38.08   38.08   38.08   38.46   38.93   42.37   37.55   37.55   39.62   39.00   42.47   42.64   41.09   40.93   41.31   40.70   40.77   40.38   40.77   37.40   37.84   41.41   41.63   38.70   39.46
    27: 6WIP_MIA-1       23.37   24.71   18.39   22.05   23.92   25.19   33.20   35.00   34.73   34.73   34.73   34.73   35.11   37.25   36.72   40.93   46.85   38.52   41.15   43.13   43.13   46.74   46.36   46.36   34.98   47.13  100.00   50.00   55.77   54.69   53.91   52.69   56.98   53.85   42.64   41.44   38.40   44.62   42.97   48.06   47.51   37.16   37.55   38.08   38.08   38.08   38.08   38.46   42.91   48.09   40.68   40.38   44.23   43.63   42.86   43.02   44.19   44.02   45.56   44.96   45.00   44.83   45.38   48.29   39.77   51.17   51.75   45.63   49.43
    28: 3LEZ_OIH-1       20.08   20.85   21.40   23.55   22.71   29.46   33.98   35.27   35.27   34.88   35.27   35.27   35.66   35.16   35.02   33.46   42.97   42.64   43.41   44.57   44.40   43.24   43.24   42.86   34.36   47.88   50.00  100.00   54.83   58.59   57.20   58.14   57.36   58.14   39.06   36.82   37.60   40.31   42.25   43.80   43.80   36.68   37.07   38.13   38.13   38.13   38.13   38.52   42.08   44.79   43.41   46.33   42.80   43.58   44.36   44.36   41.63   41.63   43.97   43.97   44.36   44.36   44.75   44.02   43.02   47.27   47.47   44.19   44.96
    29: 6MU9_PenP-4      22.73   22.73   21.37   22.22   20.31   33.21   32.31   30.38   30.65   30.80   30.80   30.80   31.18   44.31   44.14   32.18   45.10   38.52   41.70   42.47   41.92   42.21   42.75   42.37   32.95   53.26   55.77   54.83  100.00   76.95   74.03   60.77   59.30   58.46   36.43   36.15   35.38   41.92   40.00   49.22   48.85   34.10   34.48   37.07   36.68   36.68   36.68   37.07   38.55   39.46   42.69   42.05   42.86   44.79   45.17   45.35   42.25   42.08   44.79   45.35   45.56   45.17   45.56   45.25   42.08   46.48   45.91   43.08   43.46
    30: 2WK0_PenP-2      23.44   23.83   20.47   23.05   22.58   30.98   32.81   32.94   32.94   32.94   32.94   32.94   33.33   42.75   42.35   33.86   47.62   37.50   43.14   44.71   45.49   43.14   43.53   43.14   30.86   51.95   54.69   58.59   76.95  100.00   97.27   58.98   61.33   61.72   41.73   35.16   35.94   41.02   41.41   47.27   47.27   33.98   34.38   37.25   37.65   37.65   37.65   38.04   40.23   43.36   43.36   44.53   45.10   43.14   42.75   42.75   42.75   42.75   43.92   43.53   43.92   43.53   43.92   46.48   42.19   48.05   48.05   43.75   44.53
    31: 5GHX_PenP-1      22.87   22.87   20.70   23.74   20.80   30.74   33.07   32.42   32.30   32.30   32.30   32.30   32.68   43.14   42.75   32.03   47.83   37.50   42.75   44.31   44.53   43.19   43.58   43.19   29.57   50.58   53.91   57.20   74.03   97.27  100.00   58.20   60.16   60.16   40.16   33.98   35.94   41.41   40.23   45.70   45.70   34.24   34.24   36.86   37.25   36.86   36.86   37.25   39.53   42.41   42.58   42.25   44.31   42.35   41.57   41.57   42.35   42.35   43.14   42.75   43.14   42.75   43.14   45.35   41.02   47.27   47.27   42.97   44.14
    32: 6W2Z_BAA-83      21.15   20.38   24.03   25.00   19.84   31.40   33.20   31.66   31.66   31.27   31.66   31.66   32.05   40.39   40.23   32.95   42.52   43.19   44.40   44.02   46.33   45.95   46.33   45.95   35.00   55.38   52.69   58.14   60.77   58.98   58.20  100.00   72.09   70.38   37.98   33.46   36.54   39.62   40.38   46.12   45.77   37.31   37.69   41.70   41.31   41.31   41.31   41.70   42.69   43.08   41.54   45.38   44.40   47.49   44.79   44.96   44.96   44.79   45.17   44.96   45.17   44.79   45.17   42.69   41.70   43.75   43.58   41.54   43.46
    33: 3QHY_BcI-2       20.93   20.54   20.31   24.42   18.80   30.74   32.56   33.07   33.07   33.07   33.07   33.07   33.46   40.39   40.62   33.98   43.31   41.63   44.75   44.36   45.53   43.19   43.58   43.19   37.60   56.20   56.98   57.36   59.30   61.33   60.16   72.09  100.00   91.09   38.28   34.50   36.05   38.37   38.76   47.29   47.29   37.60   37.98   39.69   39.30   39.30   39.30   39.69   43.02   43.80   39.92   44.57   43.19   42.41   44.75   44.75   42.41   42.41   43.19   43.19   43.58   43.19   43.58   42.25   39.92   46.88   45.91   43.80   45.74
    34: 6W34_BcI-248     19.62   19.23   21.32   24.23   19.44   29.84   31.66   32.05   32.05   32.05   32.05   32.05   32.43   39.61   38.67   33.33   41.34   41.25   46.33   45.56   44.40   43.24   43.63   43.24   37.31   54.62   53.85   58.14   58.46   61.72   60.16   70.38   91.09  100.00   37.60   33.46   36.54   37.69   38.46   46.12   45.77   35.77   36.15   38.61   38.22   38.22   38.22   38.61   43.46   43.46   38.85   44.62   42.47   42.47   43.63   43.80   42.25   42.08   42.86   43.41   43.63   43.24   43.63   43.08   40.54   47.66   47.08   43.85   43.85
    35: 2CC1_MFO-1       23.85   24.23   20.54   22.69   26.48   25.58   35.91   35.91   35.91   35.52   35.91   35.91   36.29   31.62   32.28   37.21   38.58   35.80   37.45   35.14   41.70   40.93   41.31   41.31   32.69   33.72   42.64   39.06   36.43   41.73   40.16   37.98   38.28   37.60  100.00   39.62   38.85   41.15   36.02   41.25   41.31   36.15   36.54   38.22   38.22   38.22   38.22   38.61   40.00   44.62   43.46   42.31   43.63   43.24   44.79   44.96   45.74   45.95   45.95   43.41   43.24   42.86   42.86   43.08   42.08   46.88   46.30   44.23   46.54
    36: 5NE2_L2-2        24.33   25.66   19.25   23.02   24.51   26.44   39.85   40.08   39.77   39.39   40.15   40.15   40.15   28.63   28.52   41.76   41.80   35.91   36.26   39.02   39.47   40.68   40.30   40.30   35.85   34.87   41.44   36.82   36.15   35.16   33.98   33.46   34.50   33.46   39.62  100.00   52.99   39.31   38.29   42.86   42.37   39.16   39.16   40.46   40.46   40.08   40.08   40.46   44.70   49.62   43.45   41.22   44.27   42.15   45.21   45.38   43.46   43.68   45.98   46.54   46.56   46.39   46.95   46.82   48.66   51.16   50.97   46.42   47.53
    37: 6WGP_XCC-2       27.00   26.42   20.75   24.53   27.24   29.12   38.70   37.02   36.74   36.36   36.74   36.74   37.12   28.24   27.73   43.68   38.67   37.45   36.26   36.74   39.47   38.78   38.40   38.40   33.58   32.18   38.40   37.60   35.38   35.94   35.94   36.54   36.05   36.54   38.85   52.99  100.00   40.84   38.95   40.54   40.08   40.30   40.30   40.08   39.69   39.69   39.69   40.08   40.15   47.73   38.95   39.31   42.75   40.61   41.76   41.92   44.23   44.06   44.83   43.46   43.13   43.35   43.51   40.82   44.44   46.51   46.33   44.15   44.49
    38: 1BSG_SAL-1       20.91   21.67   21.84   19.01   24.71   31.54   35.88   35.11   35.11   34.73   35.11   35.11   35.50   30.59   30.08   41.00   45.70   37.07   39.08   38.70   44.06   47.13   47.13   47.13   30.53   36.54   44.62   40.31   41.92   41.02   41.41   39.62   38.37   37.69   41.15   39.31   40.84  100.00   40.68   45.35   45.38   37.40   38.17   36.40   36.40   36.78   36.78   36.78   42.37   46.95   41.22   38.93   43.68   42.91   41.00   40.77   40.77   40.61   41.00   43.46   43.68   43.68   43.68   45.04   44.44   48.45   48.26   45.42   46.56
    39: 5VPQ_BPA-1       26.14   27.82   21.43   21.05   23.94   31.54   36.26   33.46   33.58   33.96   33.58   33.58   33.96   31.37   31.25   40.08   42.97   44.02   43.89   43.56   47.74   49.81   49.81   49.81   32.08   39.08   42.97   42.25   40.00   41.41   40.23   40.38   38.76   38.46   36.02   38.29   38.95   40.68  100.00   43.63   43.13   38.02   38.40   36.64   36.64   37.02   37.02   37.02   41.44   47.35   47.57   46.56   48.09   47.89   46.36   46.54   46.92   46.36   47.51   48.08   48.09   47.15   47.71   50.75   44.44   49.22   49.81   50.19   51.33
    40: 5NJ2_BlaC        24.42   27.52   24.22   21.71   22.71   34.50   37.98   35.80   35.80   35.41   35.80   35.80   36.19   32.94   33.20   41.02   42.91   38.52   40.47   41.25   43.58   47.08   47.08   47.08   32.95   46.51   48.06   43.80   49.22   47.27   45.70   46.12   47.29   46.12   41.25   42.86   40.54   45.35   43.63  100.00  100.00   35.27   35.66   36.19   36.19   36.19   36.19   36.58   42.47   46.51   44.19   42.64   47.47   45.91   45.91   45.91   45.14   45.14   47.47   45.91   46.30   45.53   45.91   48.26   46.12   50.00   49.81   48.45   48.45
    41: 7A6Z_BlaC-13     24.14   27.20   23.94   21.46   22.44   34.36   38.22   35.38   35.38   35.00   35.38   35.38   35.77   32.94   33.20   40.93   42.91   38.52   40.00   40.77   43.08   46.54   46.54   46.54   32.57   45.98   47.51   43.80   48.85   47.27   45.70   45.77   47.29   45.77   41.31   42.37   40.08   45.38   43.13  100.00  100.00   34.87   35.25   35.77   35.77   35.77   35.77   36.15   42.75   45.98   43.68   42.31   46.92   45.56   45.56   45.74   45.35   45.56   47.88   45.74   45.77   45.00   45.38   48.09   45.95   50.00   49.81   48.28   47.89
    42: 1N9B_SHV-3       25.38   26.14   20.61   22.35   24.61   25.29   37.40   33.46   33.46   33.08   33.84   33.84   33.84   29.02   28.91   40.46   34.63   37.45   34.73   38.55   38.40   41.44   41.44   41.44   44.70   34.73   37.16   36.68   34.10   33.98   34.24   37.31   37.60   35.77   36.15   39.16   40.30   37.40   38.02   35.27   34.87  100.00   99.25   68.06   68.82   68.06   68.06   68.44   40.91   48.86   36.12   34.98   38.93   37.93   36.78   36.92   38.08   37.93   38.70   38.08   37.79   37.79   37.79   44.32   37.93   44.57   45.17   42.59   44.49
    43: 2ZD8_SHV-1       25.00   25.76   20.23   21.97   24.61   25.29   37.40   33.46   33.46   33.08   33.84   33.84   33.84   29.02   28.91   40.08   34.63   37.45   34.73   38.55   38.40   41.44   41.44   41.44   45.08   35.11   37.55   37.07   34.48   34.38   34.24   37.69   37.98   36.15   36.54   39.16   40.30   38.17   38.40   35.66   35.25   99.25  100.00   67.68   68.44   68.44   68.44   68.82   40.91   49.24   36.50   35.36   39.31   38.31   37.16   37.31   38.46   38.31   39.08   38.46   38.17   38.17   38.17   44.70   38.31   44.96   45.56   42.97   44.87
    44: 3P98_TEM-72      22.52   23.28   20.00   22.90   22.83   25.48   37.31   35.25   35.25   34.87   35.25   35.25   35.63   33.73   33.59   38.85   37.25   36.82   34.48   35.25   39.85   39.08   39.08   39.08   43.13   38.08   38.08   38.13   37.07   37.25   36.86   41.70   39.69   38.61   38.22   40.46   40.08   36.40   36.64   36.19   35.77   68.06   67.68  100.00   98.86   98.48   98.48   98.86   40.84   49.62   36.26   35.25   37.79   39.08   35.63   35.77   36.54   36.40   37.55   37.69   37.40   37.40   37.40   40.08   37.31   42.02   42.25   40.84   43.13
    45: 1HTZ_TEM-52      22.52   23.28   20.00   22.90   22.83   25.10   36.92   34.87   34.87   34.48   34.87   34.87   35.25   33.33   33.20   38.85   36.86   36.43   34.48   35.25   39.85   39.08   39.08   39.08   43.13   38.08   38.08   38.13   36.68   37.65   37.25   41.31   39.30   38.22   38.22   40.46   39.69   36.40   36.64   36.19   35.77   68.82   68.44   98.86  100.00   98.86   98.86   99.24   40.08   49.62   36.26   35.25   38.17   39.08   35.63   35.77   36.92   36.78   37.93   37.69   37.40   37.40   37.40   40.08   37.31   42.02   42.25   40.84   43.13
    46: 1M40_TEM-1       22.14   22.90   19.23   22.14   22.44   24.71   36.92   34.87   34.87   34.48   34.87   34.87   35.25   32.94   32.81   38.08   36.86   36.05   34.10   34.87   39.46   39.08   39.08   39.08   43.13   38.08   38.08   38.13   36.68   37.65   36.86   41.31   39.30   38.22   38.22   40.08   39.69   36.78   37.02   36.19   35.77   68.06   68.44   98.48   98.86  100.00  100.00   99.62   40.08   50.00   36.26   35.63   38.55   39.08   35.63   35.77   37.31   37.16   37.93   37.69   37.40   37.40   37.40   40.08   37.31   42.02   42.25   40.84   43.13
    47: 7QLP_TEM-171     22.14   22.90   19.23   22.14   22.44   24.71   36.92   34.87   34.87   34.48   34.87   34.87   35.25   32.94   32.81   38.08   36.86   36.05   34.10   34.87   39.46   39.08   39.08   39.08   43.13   38.08   38.08   38.13   36.68   37.65   36.86   41.31   39.30   38.22   38.22   40.08   39.69   36.78   37.02   36.19   35.77   68.06   68.44   98.48   98.86  100.00  100.00   99.62   40.08   50.00   36.26   35.63   38.55   39.08   35.63   35.77   37.31   37.16   37.93   37.69   37.40   37.40   37.40   40.08   37.31   42.02   42.25   40.84   43.13
    48: 5NPO_TEM-135     22.14   22.90   19.62   22.52   22.83   25.10   37.31   35.25   35.25   34.87   35.25   35.25   35.63   33.33   33.20   38.46   37.25   36.43   34.48   35.25   39.85   39.08   39.08   39.08   43.51   38.46   38.46   38.52   37.07   38.04   37.25   41.70   39.69   38.61   38.61   40.46   40.08   36.78   37.02   36.58   36.15   68.44   68.82   98.86   99.24   99.62   99.62  100.00   40.46   50.00   36.64   35.63   38.55   39.46   36.02   36.15   37.31   37.16   38.31   38.08   37.79   37.79   37.79   40.46   37.69   42.41   42.64   41.22   43.51
    49: 5E43_SROS-1      20.30   22.18   21.97   20.75   22.96   29.92   37.02   34.98   34.85   34.47   35.23   35.23   35.23   37.11   36.58   34.60   41.86   43.08   44.49   44.11   44.32   44.53   44.53   44.53   33.33   38.93   42.91   42.08   38.55   40.23   39.53   42.69   43.02   43.46   40.00   44.70   40.15   42.37   41.44   42.47   42.75   40.91   40.91   40.84   40.08   40.08   40.08   40.46  100.00   48.11   39.16   41.29   41.60   42.53   42.91   43.08   42.31   42.91   44.44   44.62   44.66   44.27   44.66   49.25   44.06   50.00   50.58   47.53   49.43
    50: 6NIQ_RPA-1       26.14   28.30   21.29   26.04   25.68   31.03   38.93   39.16   39.02   38.64   39.02   39.02   39.39   30.20   30.47   45.04   43.97   39.38   43.89   45.63   44.70   49.24   48.86   48.86   38.49   42.37   48.09   44.79   39.46   43.36   42.41   43.08   43.80   43.46   44.62   49.62   47.73   46.95   47.35   46.51   45.98   48.86   49.24   49.62   49.62   50.00   50.00   50.00   48.11  100.00   46.97   49.05   50.00   50.96   52.49   52.69   53.85   53.26   53.26   53.08   53.05   52.85   53.44   50.57   46.74   55.81   54.83   51.52   53.61
    51: 6BN3_CTX-M-151   21.29   22.26   21.89   21.13   21.01   29.23   39.08   35.50   35.23   35.23   35.23   35.23   35.61   32.55   32.42   35.63   42.97   43.24   47.71   46.97   47.74   48.29   48.29   48.29   37.36   37.55   40.68   43.41   42.69   43.36   42.58   41.54   39.92   38.85   43.46   43.45   38.95   41.22   47.57   44.19   43.68   36.12   36.50   36.26   36.26   36.26   36.26   36.64   39.16   46.97  100.00   58.02   62.98   61.30   63.60   64.23   61.15   61.30   64.37   67.31   67.18   66.16   66.79   48.12   55.56   55.04   54.44   52.83   55.13
    52: 1HZO_K1          20.15   22.39   25.00   25.10   23.08   31.06   35.88   35.11   34.98   34.34   34.72   34.72   35.09   34.51   34.77   33.08   40.86   42.08   45.98   44.83   47.33   50.94   51.14   50.76   34.98   37.55   40.38   46.33   42.05   44.53   42.25   45.38   44.57   44.62   42.31   41.22   39.31   38.93   46.56   42.64   42.31   34.98   35.36   35.25   35.25   35.63   35.63   35.63   41.29   49.05   58.02  100.00   68.58   69.35   69.35   69.23   67.31   66.67   65.90   64.62   64.75   63.98   64.37   47.55   58.24   53.49   53.67   53.05   52.67
    53: 3BFF_SED-1       23.66   25.19   21.54   24.05   22.05   31.27   40.77   36.02   36.02   35.63   36.02   36.02   36.40   34.12   34.77   37.31   45.10   46.12   47.13   48.28   52.87   55.94   55.94   55.94   37.40   39.62   44.23   42.80   42.86   45.10   44.31   44.40   43.19   42.47   43.63   44.27   42.75   43.68   48.09   47.47   46.92   38.93   39.31   37.79   38.17   38.55   38.55   38.55   41.60   50.00   62.98   68.58  100.00   77.39   77.39   77.69   75.38   75.48   77.78   76.54   76.34   75.57   75.95   51.91   56.92   60.31   60.08   54.58   56.49
    54: 3BYD_OXY-1-1     22.22   23.75   23.94   25.29   21.34   30.89   38.08   36.92   36.92   36.54   36.92   36.92   37.31   33.73   34.38   36.29   44.71   47.29   47.69   49.23   51.92   53.85   53.85   53.85   36.78   39.00   43.63   43.58   44.79   43.14   42.35   47.49   42.41   42.47   43.24   42.15   40.61   42.91   47.89   45.91   45.56   37.93   38.31   39.08   39.08   39.08   39.08   39.46   42.53   50.96   61.30   69.35   77.39  100.00   77.78   78.46   74.62   74.71   75.86   76.15   76.25   75.48   75.86   52.49   57.69   56.42   56.98   53.26   54.79
    55: 2ZQ7_CTX-M-44    24.52   26.44   24.71   26.82   23.32   31.27   43.08   36.92   36.92   36.54   36.92   36.92   37.31   34.90   35.55   36.68   44.71   42.25   47.69   46.92   49.23   50.00   50.00   50.00   37.55   42.47   42.86   44.36   45.17   42.75   41.57   44.79   44.75   43.63   44.79   45.21   41.76   41.00   46.36   45.91   45.56   36.78   37.16   35.63   35.63   35.63   35.63   36.02   42.91   52.49   63.60   69.35   77.39   77.78  100.00   99.62   85.38   84.67   85.06   83.85   83.91   83.14   83.52   52.49   59.23   57.20   56.20   54.41   56.70
    56: 5A92_CTX-M-97    24.62   26.54   24.81   26.92   23.41   31.66   43.08   37.07   37.07   36.68   37.07   37.07   37.45   34.90   35.55   36.82   44.71   42.25   47.88   47.10   49.42   49.81   49.81   49.81   37.69   42.64   43.02   44.36   45.35   42.75   41.57   44.96   44.75   43.80   44.96   45.38   41.92   40.77   46.54   45.91   45.74   36.92   37.31   35.77   35.77   35.77   35.77   36.15   43.08   52.69   64.23   69.23   77.69   78.46   99.62  100.00   85.77   85.38   85.77   84.23   84.62   83.85   84.23   52.69   59.23   57.20   56.20   54.62   56.92
    57: 3ZNY_CTX-M-96    24.23   26.15   26.36   26.92   20.24   30.50   41.54   35.52   35.52   35.14   35.52   35.52   35.91   32.16   32.81   38.76   43.14   42.25   47.49   45.17   48.26   50.19   49.81   49.81   37.31   41.09   44.19   41.63   42.25   42.75   42.35   44.96   42.41   42.25   45.74   43.46   44.23   40.77   46.92   45.14   45.35   38.08   38.46   36.54   36.92   37.31   37.31   37.31   42.31   53.85   61.15   67.31   75.38   74.62   85.38   85.77  100.00   99.23   90.38   82.31   82.69   82.69   83.08   51.15   55.00   55.64   55.43   54.62   55.77
    58: 7BDR_CTX-M-15    23.75   25.67   25.87   26.44   20.16   30.12   41.54   35.38   35.38   35.00   35.38   35.38   35.77   32.55   33.20   39.38   43.14   42.64   47.69   45.00   48.46   50.38   50.00   50.00   37.16   40.93   44.02   41.63   42.08   42.75   42.35   44.79   42.41   42.08   45.95   43.68   44.06   40.61   46.36   45.14   45.56   37.93   38.31   36.40   36.78   37.16   37.16   37.16   42.91   53.26   61.30   66.67   75.48   74.71   84.67   85.38   99.23  100.00   90.80   82.69   82.76   82.76   83.14   51.72   55.77   56.03   55.81   55.17   55.94
    59: 6J25_CTX-M-64    24.14   25.67   24.32   24.14   21.34   31.66   42.31   36.92   36.92   36.54   36.92   36.92   37.31   32.16   32.81   38.61   43.53   43.80   50.00   48.46   50.77   52.69   52.31   52.31   39.46   41.31   45.56   43.97   44.79   43.92   43.14   45.17   43.19   42.86   45.95   45.98   44.83   41.00   47.51   47.47   47.88   38.70   39.08   37.55   37.93   37.93   37.93   38.31   44.44   53.26   64.37   65.90   77.78   75.86   85.06   85.77   90.38   90.80  100.00   91.92   91.95   91.95   92.34   54.02   57.69   57.59   57.36   55.17   57.47
    60: 2P74_CTX-M-9     22.69   24.62   23.26   22.31   22.62   31.66   41.15   36.29   36.29   35.91   36.29   36.29   36.68   32.55   32.42   38.37   43.92   42.64   49.03   48.26   50.97   53.28   53.28   53.28   40.00   40.70   44.96   43.97   45.35   43.53   42.75   44.96   43.19   43.41   43.41   46.54   43.46   43.46   48.08   45.91   45.74   38.08   38.46   37.69   37.69   37.69   37.69   38.08   44.62   53.08   67.31   64.62   76.54   76.15   83.85   84.23   82.31   82.69   91.92  100.00   99.62   99.62   99.23   53.85   59.62   58.75   57.75   56.15   58.08
    61: 4UA6_CTX-M-14    22.90   24.81   23.46   22.90   22.44   31.66   41.15   36.40   36.40   36.02   36.40   36.40   36.78   32.94   32.81   37.69   44.31   43.02   49.04   48.28   50.96   53.64   53.64   53.64   39.69   40.77   45.00   44.36   45.56   43.92   43.14   45.17   43.58   43.63   43.24   46.56   43.13   43.68   48.09   46.30   45.77   37.79   38.17   37.40   37.40   37.40   37.40   37.79   44.66   53.05   67.18   64.75   76.34   76.25   83.91   84.62   82.69   82.76   91.95   99.62  100.00   99.24   99.62   53.82   60.00   59.14   58.14   56.11   58.02
    62: 1YLW_CTX-M-16    22.52   24.71   22.99   22.43   22.35   31.66   41.15   36.02   35.88   35.50   35.88   35.88   36.26   32.55   32.42   38.08   43.92   42.64   48.66   47.71   50.38   53.44   53.05   53.05   39.92   40.38   44.83   44.36   45.17   43.53   42.75   44.79   43.19   43.24   42.86   46.39   43.35   43.68   47.15   45.53   45.00   37.79   38.17   37.40   37.40   37.40   37.40   37.79   44.27   52.85   66.16   63.98   75.57   75.48   83.14   83.85   82.69   82.76   91.95   99.62   99.24  100.00   99.62   53.23   59.23   58.37   57.36   55.13   57.25
    63: 6BU3_CTX-M-27    22.90   24.81   23.46   22.90   22.44   31.66   41.15   36.40   36.40   36.02   36.40   36.40   36.78   32.94   32.81   37.69   44.31   43.02   49.04   48.28   50.96   54.02   53.64   53.64   40.08   40.77   45.38   44.75   45.56   43.92   43.14   45.17   43.58   43.63   42.86   46.95   43.51   43.68   47.71   45.91   45.38   37.79   38.17   37.40   37.40   37.40   37.40   37.79   44.66   53.44   66.79   64.37   75.95   75.86   83.52   84.23   83.08   83.14   92.34   99.23   99.62   99.62  100.00   53.82   59.62   58.75   57.75   55.73   57.63
    64: 6WJM_DBA-1       23.68   25.00   18.35   20.30   26.15   32.95   38.17   38.02   37.59   37.83   37.45   37.45   37.83   32.16   32.03   43.56   45.53   44.02   45.42   48.11   48.12   53.01   53.01   53.01   33.83   37.40   48.29   44.02   45.25   46.48   45.35   42.69   42.25   43.08   43.08   46.82   40.82   45.04   50.75   48.26   48.09   44.32   44.70   40.08   40.08   40.08   40.08   40.46   49.25   50.57   48.12   47.55   51.91   52.49   52.49   52.69   51.15   51.72   54.02   53.85   53.82   53.23   53.82  100.00   53.26   57.75   58.69   56.23   57.41
    65: 5E2E_BlaA        22.22   22.22   24.32   23.37   26.09   35.77   39.85   40.00   40.00   39.62   40.00   40.00   40.38   32.55   33.20   36.68   44.53   45.95   48.08   48.08   50.38   51.54   51.54   51.54   33.33   37.84   39.77   43.02   42.08   42.19   41.02   41.70   39.92   40.54   42.08   48.66   44.44   44.44   44.44   46.12   45.95   37.93   38.31   37.31   37.31   37.31   37.31   37.69   44.06   46.74   55.56   58.24   56.92   57.69   59.23   59.23   55.00   55.77   57.69   59.62   60.00   59.23   59.62   53.26  100.00   62.02   61.39   58.24   57.85
    66: 3W4Q_PenA-1      23.64   25.58   23.05   22.09   30.80   29.57   38.76   39.30   39.30   38.91   39.30   39.30   39.69   32.94   32.94   42.97   48.03   48.06   49.03   48.25   53.31   56.42   56.42   56.42   35.66   41.41   51.17   47.27   46.48   48.05   47.27   43.75   46.88   47.66   46.88   51.16   46.51   48.45   49.22   50.00   50.00   44.57   44.96   42.02   42.02   42.02   42.02   42.41   50.00   55.81   55.04   53.49   60.31   56.42   57.20   57.20   55.64   56.03   57.59   58.75   59.14   58.37   58.75   57.75   62.02  100.00   96.12   66.67   68.22
    67: 7DDM_PenA-39     24.32   26.25   23.35   22.01   31.47   29.46   38.61   38.76   38.76   38.37   38.76   38.76   39.15   32.94   32.81   43.58   48.24   48.65   49.61   49.61   54.26   57.36   57.36   57.36   35.91   41.63   51.75   47.47   45.91   48.05   47.27   43.58   45.91   47.08   46.30   50.97   46.33   48.26   49.81   49.81   49.81   45.17   45.56   42.25   42.25   42.25   42.25   42.64   50.58   54.83   54.44   53.67   60.08   56.98   56.20   56.20   55.43   55.81   57.36   57.75   58.14   57.36   57.75   58.69   61.39   96.12  100.00   67.57   69.11
    68: 3W4P_BPS-1d      21.67   23.40   23.19   21.51   28.79   30.00   38.31   38.17   37.88   37.50   37.88   37.88   38.26   34.12   33.59   42.53   48.83   45.56   46.95   48.48   51.14   52.09   51.71   51.71   33.58   38.70   45.63   44.19   43.08   43.75   42.97   41.54   43.80   43.85   44.23   46.42   44.15   45.42   50.19   48.45   48.28   42.59   42.97   40.84   40.84   40.84   40.84   41.22   47.53   51.52   52.83   53.05   54.58   53.26   54.41   54.62   54.62   55.17   55.17   56.15   56.11   55.13   55.73   56.23   58.24   66.67   67.57  100.00   89.73
    69: 6AFM_BPS-3       23.57   25.48   24.14   21.67   28.63   30.38   39.85   38.93   38.93   38.55   38.93   38.93   39.31   35.29   34.77   42.15   49.22   47.10   48.09   50.00   53.44   53.82   53.44   53.44   35.36   39.46   49.43   44.96   43.46   44.53   44.14   43.46   45.74   43.85   46.54   47.53   44.49   46.56   51.33   48.45   47.89   44.49   44.87   43.13   43.13   43.13   43.13   43.51   49.43   53.61   55.13   52.67   56.49   54.79   56.70   56.92   55.77   55.94   57.47   58.08   58.02   57.25   57.63   57.41   57.85   68.22   69.11   89.73  100.00